994.176397 -300.480071 
1092.085112 -320.824201 
1192.081644 -321.656996 
1291.906310 -327.576120 
1391.873271 -330.146495 
1491.142906 -342.210472 
1591.125469 -340.343106 
1691.120576 -341.332400 
1791.057514 -344.883236 
1890.636650 -354.048149 
1990.621256 -352.293609 
2090.446634 -358.200726 
2190.305988 -363.502558 
2289.853564 -373.004138 
2389.823783 -375.444503 
2489.662742 -381.117445 
2588.408820 -396.903895 
2687.849916 -386.346033 
2787.849167 -385.958910 
2884.803727 -410.449996 
2929.574970 -405.380947 
