0.0 761.6
20.0 760.5
40.0 759.4
60.0 758.7
80.0 758.5
100.0 758.2
120.0 757.6
140.0 757.2
160.0 757.1
180.0 756.5
200.0 756.0
220.0 756.5
240.0 756.5
260.0 756.2
280.0 756.4
300.0 756.9
320.0 758.1
340.0 758.8
360.0 759.4
380.0 760.4
400.0 761.3
420.0 762.5
440.0 764.0
460.0 765.5
480.0 767.0
500.0 769.3
520.0 771.2
540.0 773.2
560.0 776.1
580.0 779.1
600.0 782.0
620.0 785.0
640.0 788.1
660.0 790.5
680.0 792.7
700.0 793.8
720.0 794.3
740.0 794.1
760.0 794.3
780.0 794.5
800.0 794.7
820.0 794.7
840.0 794.6
860.0 794.5
880.0 794.0
900.0 793.4
920.0 793.4
940.0 793.5
960.0 793.5
980.0 793.7
1000.0 793.6
1020.0 793.6
1040.0 792.8
1060.0 791.8
1080.0 790.6
1100.0 788.9
1120.0 786.9
1140.0 784.9
1160.0 783.4
1180.0 782.6
1200.0 782.1
1220.0 781.3
1240.0 780.4
1260.0 779.5
1280.0 778.1
1300.0 776.7
1320.0 775.8
1340.0 773.1
1360.0 771.6
1380.0 773.0
1400.0 772.9
1420.0 771.7
1440.0 770.6
1460.0 769.3
1480.0 768.6
1500.0 767.8
1520.0 766.6
1540.0 765.2
1560.0 763.8
1580.0 762.5
1600.0 761.2
1620.0 759.8
1640.0 758.6
1660.0 757.0
1680.0 754.2
1700.0 753.0
1720.0 752.6
1740.0 752.2
1760.0 751.9
1780.0 752.5
1800.0 754.5
1820.0 754.1
1840.0 754.2
1860.0 754.7
1880.0 755.3
1900.0 755.3
1920.0 754.7
1940.0 753.8
1960.0 753.1
1980.0 752.7
2000.0 752.7
2020.0 752.2
2040.0 752.3
2060.0 751.9
2080.0 751.9
2100.0 751.5
2120.0 751.3
2140.0 751.3
2160.0 751.3
2180.0 750.7
2200.0 750.3
2220.0 749.9
2240.0 750.0
2260.0 750.4
2280.0 750.6
2300.0 750.6
2320.0 750.4
2340.0 750.3
2360.0 750.0
2380.0 749.7
2400.0 750.2
2420.0 751.0
2440.0 752.1
2460.0 753.0
2480.0 753.3
2500.0 753.1
2520.0 752.3
2540.0 751.6
2560.0 750.9
2580.0 749.6
2600.0 748.4
2620.0 747.0
2640.0 744.9
2660.0 742.2
2680.0 739.1
2700.0 735.3
2720.0 730.4
2740.0 723.3
2760.0 717.1
2780.0 712.2
2800.0 707.8
2820.0 703.6
2840.0 699.0
2860.0 694.2
2880.0 688.5
2900.0 681.8
2920.0 674.5
2940.0 667.6
2960.0 662.6
2980.0 660.6
3000.0 658.5
3020.0 656.3
3040.0 654.0
3060.0 651.3
3080.0 648.5
3100.0 645.8
3120.0 642.7
3140.0 637.9
3160.0 631.3
3180.0 629.1
3200.0 626.9
3220.0 622.5
3240.0 617.9
3260.0 614.4
3280.0 613.0
3300.0 613.3
3320.0 613.8
3340.0 614.4
3360.0 615.4
3380.0 616.8
3400.0 618.2
3420.0 616.9
3440.0 618.0
3460.0 620.6
3480.0 622.4
3500.0 624.4
3520.0 626.8
3540.0 629.7
3560.0 633.4
3580.0 636.6
3600.0 640.4
3620.0 643.7
3640.0 646.9
3660.0 649.9
3680.0 652.9
3700.0 655.5
3720.0 658.6
3740.0 662.8
3760.0 668.0
3780.0 673.0
3800.0 677.7
3820.0 682.9
3840.0 688.2
3860.0 693.6
3880.0 698.6
3900.0 703.8
3920.0 708.6
3940.0 713.3
3960.0 718.3
3980.0 723.8
4000.0 729.3
4020.0 734.6
4040.0 739.8
4060.0 744.5
4080.0 748.4
4100.0 750.5
4120.0 750.3
4140.0 748.7
4160.0 746.7
4180.0 744.3
4200.0 741.0
4220.0 738.2
4240.0 736.1
4260.0 733.1
4280.0 727.7
4300.0 723.0
4320.0 721.0
4340.0 718.5
4360.0 715.4
4380.0 711.2
4400.0 708.4
4420.0 706.5
4440.0 705.4
4460.0 704.4
4480.0 703.3
4500.0 703.6
4520.0 703.8
4540.0 703.6
4560.0 702.9
4580.0 702.2
4600.0 701.6
4620.0 700.8
4640.0 699.5
4660.0 696.6
4680.0 693.2
4700.0 688.9
4720.0 684.0
4740.0 680.7
4760.0 678.7
4780.0 676.9
4800.0 674.7
4820.0 672.5
4840.0 669.5
4860.0 666.8
4880.0 664.5
4900.0 661.0
4920.0 658.6
4940.0 656.9
4960.0 655.3
4980.0 653.9
5000.0 652.1
5020.0 650.2
5040.0 648.3
5060.0 646.2
5080.0 644.3
5100.0 643.9
5120.0 644.0
5140.0 643.7
5160.0 642.3
5180.0 640.3
5200.0 639.9
5220.0 639.6
5240.0 639.5
5260.0 639.7
5280.0 639.8
5300.0 639.8
5320.0 640.7
5340.0 643.0
5360.0 644.3
5380.0 644.2
5400.0 645.7
5420.0 648.7
5440.0 650.8
5460.0 651.6
5480.0 652.1
5500.0 652.7
5520.0 652.8
5540.0 652.3
5560.0 650.0
5580.0 646.9
5600.0 643.8
5620.0 641.7
5640.0 639.9
5660.0 638.0
5680.0 636.5
5700.0 634.9
5720.0 633.6
5740.0 631.8
5760.0 630.2
5780.0 628.9
5800.0 626.8
5820.0 625.3
5840.0 623.5
5860.0 622.1
5880.0 620.4
5900.0 619.0
5920.0 617.5
5940.0 616.1
5960.0 614.5
5980.0 613.2
6000.0 611.7
6020.0 610.3
6040.0 608.9
6060.0 607.7
6080.0 606.4
6100.0 605.1
6120.0 603.8
6140.0 602.5
6160.0 601.3
6180.0 600.3
6200.0 599.3
6220.0 598.4
6240.0 597.6
6260.0 596.8
6280.0 596.1
6300.0 595.4
6320.0 594.9
6340.0 594.3
6360.0 593.9
6380.0 593.7
6400.0 593.7
6420.0 593.9
6440.0 594.2
6460.0 594.5
6480.0 595.1
6500.0 595.7
6520.0 595.7
6540.0 594.9
6560.0 593.2
6580.0 590.6
6600.0 587.9
6620.0 585.1
6640.0 582.2
6660.0 579.3
6680.0 577.0
6700.0 575.2
6720.0 573.0
6740.0 570.6
6760.0 568.0
6780.0 565.3
6800.0 563.3
6820.0 561.8
6840.0 560.1
6860.0 558.2
6880.0 556.9
6900.0 555.6
6920.0 554.2
6940.0 552.4
6960.0 550.5
6980.0 548.2
7000.0 544.1
7020.0 541.0
7040.0 538.9
7060.0 535.8
7080.0 533.9
7100.0 532.2
7120.0 530.9
7140.0 529.7
7160.0 528.4
7180.0 527.1
7200.0 526.2
7220.0 526.5
7240.0 528.7
7260.0 533.1
7280.0 537.2
7300.0 540.7
7320.0 540.1
7340.0 537.5
7360.0 528.4
7380.0 520.4
7400.0 519.6
7420.0 518.2
7440.0 517.9
7460.0 517.9
7480.0 517.7
7500.0 518.3
7520.0 523.1
7540.0 527.8
7560.0 532.1
7580.0 536.0
7600.0 541.7
7620.0 549.3
7640.0 555.7
7660.0 561.0
7680.0 566.2
7700.0 570.6
7720.0 573.1
7740.0 575.6
7760.0 579.2
7780.0 582.3
7800.0 585.2
7820.0 587.6
7840.0 588.5
7860.0 587.7
7880.0 585.4
7900.0 580.0
7920.0 572.8
7940.0 566.7
7960.0 561.9
7980.0 554.6
8000.0 546.7
8020.0 541.3
8040.0 540.8
8060.0 543.6
8080.0 542.4
8100.0 537.1
8120.0 533.9
8140.0 535.9
8160.0 539.0
8180.0 540.7
8200.0 537.8
8220.0 533.4
8240.0 529.1
8260.0 525.8
8280.0 523.3
8300.0 524.8
8320.0 525.6
8340.0 528.5
8360.0 534.3
8380.0 539.4
8400.0 545.4
8420.0 551.6
8440.0 557.6
8460.0 563.5
8480.0 568.8
8500.0 572.3
8520.0 573.0
8540.0 572.5
8560.0 571.5
8580.0 571.8
8600.0 572.8
8620.0 574.0
8640.0 575.6
8660.0 577.3
8680.0 578.7
8700.0 578.8
8720.0 578.1
8740.0 579.0
8760.0 579.0
8780.0 578.3
8800.0 577.2
8820.0 575.6
8840.0 572.6
8860.0 570.9
8880.0 571.5
8900.0 573.1
