-10000.000000 -205.473397
-9950.000000 -207.272705
-9900.000000 -208.562510
-9850.000000 -209.641351
-9800.000000 -210.452707
-9750.000000 -211.312405
-9700.000000 -212.137002
-9650.000000 -213.057843
-9600.000000 -213.803455
-9550.000000 -213.989150
-9500.000000 -213.770618
-9450.000000 -213.503922
-9400.000000 -214.158924
-9350.000000 -215.735624
-9300.000000 -218.169265
-9250.000000 -220.629501
-9200.000000 -222.758431
-9150.000000 -224.903376
-9100.000000 -226.679661
-9050.000000 -228.260687
-9000.000000 -229.565851
-8950.000000 -231.099664
-8900.000000 -233.321807
-8850.000000 -235.576015
-8800.000000 -237.577974
-8750.000000 -238.900575
-8700.000000 -239.991461
-8650.000000 -240.743634
-8600.000000 -241.525286
-8550.000000 -242.267355
-8500.000000 -243.012594
-8450.000000 -243.247095
-8400.000000 -242.771000
-8350.000000 -242.074396
-8300.000000 -241.499417
-8250.000000 -240.789781
-8200.000000 -239.583422
-8150.000000 -237.774959
-8100.000000 -236.068095
-8050.000000 -234.719703
-8000.000000 -234.032225
-7950.000000 -233.754307
-7900.000000 -233.772798
-7850.000000 -233.679355
-7800.000000 -233.426071
-7750.000000 -232.691878
-7700.000000 -231.821115
-7650.000000 -231.143743
-7600.000000 -230.852626
-7550.000000 -230.763522
-7500.000000 -230.600668
-7450.000000 -230.560538
-7400.000000 -230.668897
-7350.000000 -230.630186
-7300.000000 -230.467385
-7250.000000 -230.256945
-7200.000000 -230.145403
-7150.000000 -230.028562
-7100.000000 -229.810907
-7050.000000 -229.505559
-7000.000000 -228.989264
-6950.000000 -228.141608
-6900.000000 -227.077199
-6850.000000 -226.030417
-6800.000000 -224.763767
-6750.000000 -223.225771
-6700.000000 -221.634700
-6650.000000 -220.392950
-6600.000000 -219.480733
-6550.000000 -218.309807
-6500.000000 -216.880050
-6450.000000 -215.434459
-6400.000000 -214.292100
-6350.000000 -212.837726
-6300.000000 -210.885025
-6250.000000 -208.544053
-6200.000000 -206.999613
-6150.000000 -206.529271
-6100.000000 -206.723389
-6050.000000 -206.707409
-6000.000000 -206.191441
-5950.000000 -205.671913
-5900.000000 -205.418366
-5850.000000 -205.294251
-5800.000000 -205.157765
-5750.000000 -205.014164
-5700.000000 -205.040820
-5650.000000 -205.211079
-5600.000000 -205.510781
-5550.000000 -205.753915
-5500.000000 -206.006708
-5450.000000 -205.985212
-5400.000000 -206.171128
-5350.000000 -206.874827
-5300.000000 -209.008000
-5250.000000 -212.499624
-5200.000000 -217.299752
-5150.000000 -222.868829
-5100.000000 -228.079003
-5050.000000 -233.518834
-5000.000000 -239.947368
-4950.000000 -247.887873
-4900.000000 -254.946390
-4850.000000 -259.602349
-4800.000000 -260.687791
-4750.000000 -258.224789
-4700.000000 -252.886716
-4650.000000 -245.072952
-4600.000000 -236.342728
-4550.000000 -228.027789
-4500.000000 -222.184606
-4450.000000 -218.168190
-4400.000000 -215.814616
-4350.000000 -215.036743
-4300.000000 -217.048022
-4250.000000 -221.827834
-4200.000000 -228.385481
-4150.000000 -235.547696
-4100.000000 -241.724522
-4050.000000 -246.844958
-4000.000000 -251.006441
-3950.000000 -254.263231
-3900.000000 -257.304957
-3850.000000 -261.653096
-3800.000000 -267.425089
-3750.000000 -275.554752
-3700.000000 -285.778170
-3650.000000 -297.301402
-3600.000000 -306.676741
-3550.000000 -311.105398
-3500.000000 -312.153657
-3450.000000 -312.791703
-3400.000000 -314.761529
-3350.000000 -316.172810
-3300.000000 -315.158562
-3250.000000 -311.739329
-3200.000000 -307.197346
-3150.000000 -303.279096
-3100.000000 -299.781409
-3050.000000 -298.475698
-3000.000000 -299.794629
-2950.000000 -306.578295
-2900.000000 -332.058271
-2850.000000 -355.705024
-2800.000000 -374.976516
-2750.000000 -374.976516
-2700.000000 -374.976516
-2650.000000 -375.876442
-2600.000000 -378.082116
-2550.000000 -379.918643
-2500.000000 -380.572530
-2450.000000 -378.366855
-2400.000000 -376.530329
-2350.000000 -367.106035
-2300.000000 -354.541681
-2250.000000 -337.025225
-2200.000000 -322.904351
-2150.000000 -312.144392
-2100.000000 -305.335343
-2050.000000 -303.001193
-2000.000000 -302.000000
-1950.000000 -302.000000
-1900.000000 -302.000000
-1850.000000 -302.000000
-1800.000000 -302.000000
-1750.000000 -302.000000
-1700.000000 -302.795261
-1650.000000 -306.693835
-1600.000000 -313.350730
-1550.000000 -321.844007
-1500.000000 -329.530915
-1450.000000 -336.987011
-1400.000000 -344.579588
-1350.000000 -350.902726
-1300.000000 -353.265193
-1250.000000 -350.906121
-1200.000000 -345.466516
-1150.000000 -339.387074
-1100.000000 -333.313904
-1050.000000 -326.515220
-1000.000000 -319.155965
-950.000000 -311.689203
-900.000000 -307.950431
-850.000000 -308.119860
-800.000000 -311.834840
-750.000000 -315.133893
-700.000000 -317.055457
-650.000000 -314.518266
-600.000000 -309.806810
-550.000000 -304.756038
-500.000000 -302.596136
-450.000000 -302.286578
-400.000000 -302.209598
-350.000000 -303.824758
-300.000000 -307.572255
-250.000000 -313.308913
-200.000000 -337.687259
-150.000000 -359.723671
-100.000000 -379.980520
-50.000000 -379.980520
0.000000 -379.980520
50.000000 -379.980520
100.000000 -379.980520
150.000000 -379.980520
200.000000 -379.980520
250.000000 -379.980520
300.000000 -380.062456
350.000000 -386.463490
400.000000 -397.708788
450.000000 -413.381015
500.000000 -424.754899
550.000000 -430.820760
600.000000 -431.499911
650.000000 -427.015742
700.000000 -417.946961
750.000000 -405.724431
800.000000 -393.388977
850.000000 -385.146599
900.000000 -380.935815
950.000000 -375.702139
1000.000000 -370.022651
1050.000000 -362.100190
1100.000000 -355.505711
1150.000000 -348.157698
1200.000000 -341.305333
1250.000000 -339.087449
1300.000000 -343.219677
1350.000000 -354.472975
1400.000000 -368.081977
1450.000000 -381.064307
1500.000000 -392.825099
1550.000000 -404.344845
1600.000000 -415.928434
1650.000000 -429.078021
1700.000000 -446.302588
1750.000000 -469.014106
1800.000000 -491.971812
1850.000000 -512.854184
1900.000000 -529.284748
1950.000000 -542.069201
2000.000000 -549.713896
2050.000000 -553.851252
2100.000000 -556.963798
2150.000000 -563.025704
2200.000000 -572.795752
2250.000000 -585.027494
2300.000000 -592.821476
2350.000000 -593.148739
2400.000000 -587.161405
2450.000000 -580.168339
2500.000000 -575.208532
2550.000000 -574.572412
2600.000000 -579.219916
2650.000000 -587.328031
2700.000000 -595.116984
2750.000000 -599.300152
2800.000000 -598.263255
2850.000000 -590.938362
2900.000000 -576.952096
2950.000000 -559.327875
3000.000000 -541.306510
3050.000000 -523.553324
3100.000000 -503.924181
3150.000000 -483.168084
3200.000000 -462.296403
3250.000000 -445.991636
3300.000000 -436.053868
3350.000000 -432.782545
3400.000000 -435.735133
3450.000000 -442.694182
3500.000000 -453.140600
3550.000000 -463.954177
3600.000000 -474.149433
3650.000000 -483.597416
3700.000000 -492.653806
3750.000000 -501.175642
3800.000000 -512.124867
3850.000000 -525.412227
3900.000000 -541.253677
3950.000000 -557.896785
4000.000000 -574.959791
4050.000000 -594.147362
4100.000000 -613.786621
4150.000000 -632.660900
4200.000000 -647.719527
4250.000000 -657.305942
4300.000000 -661.390564
4350.000000 -660.627670
4400.000000 -657.382337
4450.000000 -653.523907
4500.000000 -650.206277
4550.000000 -648.508768
4600.000000 -649.105670
4650.000000 -650.695269
4700.000000 -650.544601
4750.000000 -646.801494
4800.000000 -638.558702
4850.000000 -628.082566
4900.000000 -616.881104
4950.000000 -606.842123
5000.000000 -596.393382
5050.000000 -584.676000
5100.000000 -571.385464
5150.000000 -556.794422
5200.000000 -544.451526
5250.000000 -538.062868
5300.000000 -544.440188
5350.000000 -560.070957
5400.000000 -576.250437
5450.000000 -586.027373
5500.000000 -588.522256
5550.000000 -588.417567
5600.000000 -586.927727
5650.000000 -584.858331
5700.000000 -581.856409
5750.000000 -577.278091
5800.000000 -569.619452
5850.000000 -559.550623
5900.000000 -547.917929
5950.000000 -536.689184
6000.000000 -526.124049
6050.000000 -517.186160
6100.000000 -510.974427
6150.000000 -509.433418
6200.000000 -512.063553
6250.000000 -517.058263
6300.000000 -520.938500
6350.000000 -522.291353
6400.000000 -520.655570
6450.000000 -516.607735
6500.000000 -511.016351
6550.000000 -505.245200
6600.000000 -500.004794
6650.000000 -493.755359
6700.000000 -486.391801
6750.000000 -478.059805
6800.000000 -468.195135
6850.000000 -455.545498
6900.000000 -440.415075
6950.000000 -428.339345
7000.000000 -420.509925
7050.000000 -417.576376
7100.000000 -417.423676
7150.000000 -420.588014
7200.000000 -431.312926
7250.000000 -448.201510
7300.000000 -469.190243
7350.000000 -486.562158
7400.000000 -500.190954
7450.000000 -510.536025
7500.000000 -520.104387
7550.000000 -528.210480
7600.000000 -533.719978
7650.000000 -536.057716
7700.000000 -534.204325
7750.000000 -529.425557
7800.000000 -520.738397
7850.000000 -508.694910
7900.000000 -494.073513
7950.000000 -480.839022
8000.000000 -474.348448
8050.000000 -475.393426
8100.000000 -480.587331
8150.000000 -485.929959
8200.000000 -487.663805
8250.000000 -485.346483
8300.000000 -478.716955
8350.000000 -473.971127
8400.000000 -472.764906
8450.000000 -475.849199
8500.000000 -481.863812
8550.000000 -490.229525
8600.000000 -501.052002
8650.000000 -512.196312
8700.000000 -522.895920
8750.000000 -530.860953
8800.000000 -536.093862
8850.000000 -537.138376
8900.000000 -534.077380
8950.000000 -527.397655
9000.000000 -521.768781
9050.000000 -518.935273
9100.000000 -515.354917
9150.000000 -506.538653
9200.000000 -491.593499
9250.000000 -478.237337
9300.000000 -470.112948
9350.000000 -471.632545
9400.000000 -479.876867
9450.000000 -493.426154
9500.000000 -506.671254
9550.000000 -516.970540
9600.000000 -523.983081
9650.000000 -529.411321
9700.000000 -534.307838
9750.000000 -537.180393
9800.000000 -536.148037
9850.000000 -530.565646
9900.000000 -519.749633
9950.000000 -506.316609
10000.000000 -490.911701
