-2.500000000000000000e+03 5.133861393098781036e+02
-2.475000000000000000e+03 5.133861393098781036e+02
-2.450000000000000000e+03 5.133861393098781036e+02
-2.425000000000000000e+03 5.133861393098781036e+02
-2.400000000000000000e+03 5.133861393098781036e+02
-2.375000000000000000e+03 5.133861393098781036e+02
-2.350000000000000000e+03 5.133861393098781036e+02
-2.325000000000000000e+03 5.133861393098781036e+02
-2.300000000000000000e+03 5.133861393098781036e+02
-2.275000000000000000e+03 5.133861393098781036e+02
-2.250000000000000000e+03 5.133861393098781036e+02
-2.225000000000000000e+03 5.133861393098781036e+02
-2.200000000000000000e+03 5.133861393098781036e+02
-2.175000000000000000e+03 5.133861393098781036e+02
-2.150000000000000000e+03 5.133861393098781036e+02
-2.125000000000000000e+03 5.133861393098781036e+02
-2.100000000000000000e+03 5.133861393098781036e+02
-2.075000000000000000e+03 5.133861393098781036e+02
-2.050000000000000000e+03 5.133861393098781036e+02
-2.025000000000000000e+03 5.133861393098781036e+02
-2.000000000000000000e+03 5.133861393098781036e+02
-1.975000000000000000e+03 5.133861393098781036e+02
-1.950000000000000000e+03 5.133861393098781036e+02
-1.925000000000000000e+03 5.133861393098781036e+02
-1.900000000000000000e+03 5.133861393098781036e+02
-1.875000000000000000e+03 5.133861393098781036e+02
-1.850000000000000000e+03 5.133861393098781036e+02
-1.825000000000000000e+03 5.133861393098781036e+02
-1.800000000000000000e+03 5.133861393098781036e+02
-1.775000000000000000e+03 5.133861393098781036e+02
-1.750000000000000000e+03 5.133861393098781036e+02
-1.725000000000000000e+03 5.133861393098781036e+02
-1.700000000000000000e+03 5.133861393098781036e+02
-1.675000000000000000e+03 5.133861393098781036e+02
-1.650000000000000000e+03 5.133861393098781036e+02
-1.625000000000000000e+03 5.133861393098781036e+02
-1.600000000000000000e+03 5.137294484828020131e+02
-1.575000000000000000e+03 5.143425005773088969e+02
-1.550000000000000000e+03 5.149809489228931625e+02
-1.525000000000000000e+03 5.156428399617797140e+02
-1.500000000000000000e+03 5.166240143412060206e+02
-1.475000000000000000e+03 5.186654218035496342e+02
-1.450000000000000000e+03 5.207531852990668995e+02
-1.425000000000000000e+03 5.222694870525410806e+02
-1.400000000000000000e+03 5.242933260784426466e+02
-1.375000000000000000e+03 5.246326363799546471e+02
-1.350000000000000000e+03 5.248417329530889219e+02
-1.325000000000000000e+03 5.246112834469861355e+02
-1.300000000000000000e+03 5.245435774973680054e+02
-1.275000000000000000e+03 5.250260718021174853e+02
-1.250000000000000000e+03 5.257927154082868810e+02
-1.225000000000000000e+03 5.267504406485466006e+02
-1.200000000000000000e+03 5.277335034577430406e+02
-1.175000000000000000e+03 5.288238435185213575e+02
-1.150000000000000000e+03 5.299943550533314465e+02
-1.125000000000000000e+03 5.310957190627509590e+02
-1.100000000000000000e+03 5.317473286283498055e+02
-1.075000000000000000e+03 5.320826237714585432e+02
-1.050000000000000000e+03 5.321798271125279598e+02
-1.025000000000000000e+03 5.322361962235227111e+02
-1.000000000000000000e+03 5.320503019125222863e+02
-9.750000000000000000e+02 5.318644076015217479e+02
-9.500000000000000000e+02 5.313440373934664649e+02
-9.250000000000000000e+02 5.306397675031470271e+02
-9.000000000000000000e+02 5.298549509096062593e+02
-8.750000000000000000e+02 5.290293018341823199e+02
-8.500000000000000000e+02 5.282109690641233328e+02
-8.250000000000000000e+02 5.274009095925468955e+02
-8.000000000000000000e+02 5.265490793194153412e+02
-7.750000000000000000e+02 5.256506570776774652e+02
-7.500000000000000000e+02 5.246559100349116989e+02
-7.250000000000000000e+02 5.235601121864024208e+02
-7.000000000000000000e+02 5.224124113339424866e+02
-6.750000000000000000e+02 5.211705852466490114e+02
-6.500000000000000000e+02 5.198501136888394285e+02
-6.250000000000000000e+02 5.184471660681892899e+02
-6.000000000000000000e+02 5.170442184475390377e+02
-5.750000000000000000e+02 5.154837513658231956e+02
-5.500000000000000000e+02 5.138948625418685197e+02
-5.250000000000000000e+02 5.122053892602541509e+02
-5.000000000000000000e+02 5.105655935536790935e+02
-4.750000000000000000e+02 5.088913354538207159e+02
-4.500000000000000000e+02 5.071740175747489729e+02
-4.250000000000000000e+02 5.053407165981659546e+02
-4.000000000000000000e+02 5.034466118118755276e+02
-3.750000000000000000e+02 5.015309528260228262e+02
-3.500000000000000000e+02 4.995374087006505306e+02
-3.250000000000000000e+02 4.975285734672963258e+02
-3.000000000000000000e+02 4.955268111920003093e+02
-2.750000000000000000e+02 4.935202995986773544e+02
-2.500000000000000000e+02 4.914424624632237055e+02
-2.250000000000000000e+02 4.893382659774363219e+02
-2.000000000000000000e+02 4.871404794740650459e+02
-1.750000000000000000e+02 4.849560700497160610e+02
-1.500000000000000000e+02 4.828201820994268019e+02
-1.250000000000000000e+02 4.805338450362591516e+02
-1.000000000000000000e+02 4.783116327398211070e+02
-7.500000000000000000e+01 4.761865862101560651e+02
-5.000000000000000000e+01 4.745402791669554858e+02
-2.500000000000000000e+01 4.731464374121165406e+02
0.000000000000000000e+00 4.730273408764776946e+02
2.500000000000000000e+01 4.733435586090856191e+02
5.000000000000000000e+01 4.742606643001894895e+02
7.500000000000000000e+01 4.757883554097322190e+02
1.000000000000000000e+02 4.773372435236825027e+02
1.250000000000000000e+02 4.789258888809221162e+02
1.500000000000000000e+02 4.805083570573441989e+02
1.750000000000000000e+02 4.822162657713030285e+02
2.000000000000000000e+02 4.839412800131077574e+02
2.250000000000000000e+02 4.852192361862998382e+02
2.500000000000000000e+02 4.864785649399663612e+02
2.750000000000000000e+02 4.867857904752431750e+02
3.000000000000000000e+02 4.870930160105200457e+02
3.250000000000000000e+02 4.864945874810005080e+02
3.500000000000000000e+02 4.858961589514809134e+02
3.750000000000000000e+02 4.848066193295193784e+02
4.000000000000000000e+02 4.837054946826196442e+02
4.250000000000000000e+02 4.823263294372021051e+02
4.500000000000000000e+02 4.809745607777005603e+02
4.750000000000000000e+02 4.799378528562332349e+02
5.000000000000000000e+02 4.789375732168875288e+02
5.250000000000000000e+02 4.780830067060280726e+02
5.500000000000000000e+02 4.775529252570716494e+02
5.750000000000000000e+02 4.780503798374749636e+02
6.000000000000000000e+02 4.786363022743468036e+02
6.250000000000000000e+02 4.794497134849950157e+02
6.500000000000000000e+02 4.801588544237443443e+02
6.750000000000000000e+02 4.805998718061821364e+02
7.000000000000000000e+02 4.810519645865297775e+02
7.250000000000000000e+02 4.815391294602586640e+02
7.500000000000000000e+02 4.820570506695050312e+02
7.750000000000000000e+02 4.826979972208213781e+02
8.000000000000000000e+02 4.834323768562164219e+02
8.250000000000000000e+02 4.849759369641149078e+02
8.500000000000000000e+02 4.865055644713153242e+02
8.750000000000000000e+02 4.876878483852722184e+02
9.000000000000000000e+02 4.887210787695886438e+02
9.250000000000000000e+02 4.897667552017879871e+02
9.500000000000000000e+02 4.908079390224530130e+02
9.750000000000000000e+02 4.926670957680572087e+02
1.000000000000000000e+03 4.946898440094902867e+02
1.025000000000000000e+03 4.974485151527325115e+02
1.050000000000000000e+03 5.003896979990815339e+02
1.075000000000000000e+03 5.020299255392374107e+02
1.100000000000000000e+03 5.031050586595255254e+02
1.125000000000000000e+03 5.040403001857586105e+02
1.150000000000000000e+03 5.048264349107752764e+02
1.175000000000000000e+03 5.055624232252494039e+02
1.200000000000000000e+03 5.063888124232329915e+02
1.225000000000000000e+03 5.074218941649850194e+02
1.250000000000000000e+03 5.089340585628368672e+02
1.275000000000000000e+03 5.108083264491631894e+02
1.300000000000000000e+03 5.129134277094844947e+02
1.325000000000000000e+03 5.151148721516542537e+02
1.350000000000000000e+03 5.173063356697784911e+02
1.375000000000000000e+03 5.194519527205300164e+02
1.400000000000000000e+03 5.209634849385964799e+02
1.425000000000000000e+03 5.223358283321821318e+02
1.450000000000000000e+03 5.236338091933117767e+02
1.475000000000000000e+03 5.247440254902043080e+02
1.500000000000000000e+03 5.256937553998673138e+02
1.525000000000000000e+03 5.266387542576064789e+02
1.550000000000000000e+03 5.272776897518084525e+02
1.575000000000000000e+03 5.278646004190089798e+02
1.600000000000000000e+03 5.283617644209301716e+02
1.625000000000000000e+03 5.287270776175448646e+02
1.650000000000000000e+03 5.291599524402672614e+02
1.675000000000000000e+03 5.295923527591481843e+02
1.700000000000000000e+03 5.297321733007127023e+02
1.725000000000000000e+03 5.298083894218930254e+02
1.750000000000000000e+03 5.297465462384025159e+02
1.775000000000000000e+03 5.296005351113994948e+02
1.800000000000000000e+03 5.294807364167162405e+02
1.825000000000000000e+03 5.293436525712082812e+02
1.850000000000000000e+03 5.289883380207031678e+02
1.875000000000000000e+03 5.285314742216467039e+02
1.900000000000000000e+03 5.278088870656698646e+02
1.925000000000000000e+03 5.269237621932438742e+02
1.950000000000000000e+03 5.260386373208178838e+02
1.975000000000000000e+03 5.264544257404951395e+02
2.000000000000000000e+03 5.271180071681922072e+02
2.025000000000000000e+03 5.276628530798165002e+02
2.050000000000000000e+03 5.273369718735735887e+02
2.075000000000000000e+03 5.270110906673305635e+02
2.100000000000000000e+03 5.260847405248754285e+02
2.125000000000000000e+03 5.242576869781016740e+02
2.150000000000000000e+03 5.224306334313280331e+02
2.175000000000000000e+03 5.209156177373951095e+02
2.200000000000000000e+03 5.195219500973445292e+02
2.225000000000000000e+03 5.180906468155097855e+02
2.250000000000000000e+03 5.162265336531552293e+02
2.275000000000000000e+03 5.143624204908006732e+02
2.300000000000000000e+03 5.125250094315775868e+02
2.325000000000000000e+03 5.107215828672489124e+02
2.350000000000000000e+03 5.089181563029202948e+02
2.375000000000000000e+03 5.089256671066174249e+02
2.400000000000000000e+03 5.095050528686384723e+02
2.425000000000000000e+03 5.101698219395817091e+02
2.450000000000000000e+03 5.118164990631304931e+02
2.475000000000000000e+03 5.134631761866793340e+02
2.500000000000000000e+03 5.150012402089474790e+02
2.525000000000000000e+03 5.163085013909942518e+02
2.550000000000000000e+03 5.176157625730410246e+02
2.575000000000000000e+03 5.191480372773689851e+02
2.600000000000000000e+03 5.210062897712170980e+02
2.625000000000000000e+03 5.229319680003700341e+02
2.650000000000000000e+03 5.246323341016826589e+02
2.675000000000000000e+03 5.256041633804708226e+02
2.700000000000000000e+03 5.258232382142526831e+02
2.725000000000000000e+03 5.242593702184204858e+02
2.750000000000000000e+03 5.223977727250010048e+02
2.775000000000000000e+03 5.199672376973881001e+02
2.800000000000000000e+03 5.171334900514535775e+02
2.825000000000000000e+03 5.143125600084456437e+02
2.850000000000000000e+03 5.120677161635979928e+02
2.875000000000000000e+03 5.104206120097188091e+02
2.900000000000000000e+03 5.088309478764801952e+02
2.925000000000000000e+03 5.075446454638741329e+02
2.950000000000000000e+03 5.062697583127959433e+02
2.975000000000000000e+03 5.049069257544965694e+02
3.000000000000000000e+03 5.034631808536826156e+02
3.025000000000000000e+03 5.022074605787406085e+02
3.050000000000000000e+03 5.010292045735895954e+02
3.075000000000000000e+03 5.005622933285111458e+02
3.100000000000000000e+03 5.001515026264181643e+02
3.125000000000000000e+03 5.010188021329299772e+02
3.150000000000000000e+03 5.020683577059082836e+02
3.175000000000000000e+03 5.034825419948243734e+02
3.200000000000000000e+03 5.046871796340878973e+02
3.225000000000000000e+03 5.057228813810161796e+02
3.250000000000000000e+03 5.067592177845446031e+02
3.275000000000000000e+03 5.077941876649578035e+02
3.300000000000000000e+03 5.088175080182764987e+02
3.325000000000000000e+03 5.099069079552535868e+02
3.350000000000000000e+03 5.112105119840937277e+02
3.375000000000000000e+03 5.127246857921752508e+02
3.400000000000000000e+03 5.144043072839466504e+02
3.425000000000000000e+03 5.162843765132591898e+02
3.450000000000000000e+03 5.181073803950878300e+02
3.475000000000000000e+03 5.199111132591137903e+02
3.500000000000000000e+03 5.217193694808430564e+02
3.525000000000000000e+03 5.235824250239587627e+02
3.550000000000000000e+03 5.260950497737026126e+02
3.575000000000000000e+03 5.290727227798729473e+02
3.600000000000000000e+03 5.321631541235648228e+02
3.625000000000000000e+03 5.352506974392474604e+02
3.650000000000000000e+03 5.385636221837986568e+02
3.675000000000000000e+03 5.419360943164839455e+02
3.700000000000000000e+03 5.448285382965118515e+02
3.725000000000000000e+03 5.469214286960674372e+02
3.750000000000000000e+03 5.477219226945389892e+02
3.775000000000000000e+03 5.476053711483875759e+02
3.800000000000000000e+03 5.469308330456352678e+02
3.825000000000000000e+03 5.463116105317421898e+02
3.850000000000000000e+03 5.457775742210508270e+02
3.875000000000000000e+03 5.452752921400564219e+02
3.900000000000000000e+03 5.448735481909658347e+02
3.925000000000000000e+03 5.445949017840879378e+02
3.950000000000000000e+03 5.443424021936713189e+02
3.975000000000000000e+03 5.440869953761275610e+02
4.000000000000000000e+03 5.439322552495905256e+02
4.025000000000000000e+03 5.437951953537648251e+02
4.050000000000000000e+03 5.438344438946569426e+02
4.075000000000000000e+03 5.442028364995830998e+02
4.100000000000000000e+03 5.444618032136294232e+02
4.125000000000000000e+03 5.445989207186463545e+02
4.150000000000000000e+03 5.444414753075484441e+02
4.175000000000000000e+03 5.441203642051243605e+02
4.200000000000000000e+03 5.437141032764752708e+02
4.225000000000000000e+03 5.432063333605531170e+02
4.250000000000000000e+03 5.427310252897086684e+02
4.275000000000000000e+03 5.421893170276628098e+02
4.300000000000000000e+03 5.415818947535939287e+02
4.325000000000000000e+03 5.410629275195690298e+02
4.350000000000000000e+03 5.406040528495456101e+02
4.375000000000000000e+03 5.401545358943577639e+02
4.400000000000000000e+03 5.396247512463030489e+02
4.425000000000000000e+03 5.388341261011184997e+02
4.450000000000000000e+03 5.379084860241134720e+02
4.475000000000000000e+03 5.368035312524799565e+02
4.500000000000000000e+03 5.356033771243685351e+02
4.525000000000000000e+03 5.343869006959841954e+02
4.550000000000000000e+03 5.329068628045031346e+02
4.575000000000000000e+03 5.312773479076992089e+02
4.600000000000000000e+03 5.293607149285172682e+02
4.625000000000000000e+03 5.287435437620542871e+02
4.650000000000000000e+03 5.287435437620542871e+02
4.675000000000000000e+03 5.287435437620542871e+02
4.700000000000000000e+03 5.287435437620542871e+02
4.725000000000000000e+03 5.287435437620542871e+02
4.750000000000000000e+03 5.287435437620542871e+02
4.775000000000000000e+03 5.287435437620542871e+02
4.800000000000000000e+03 5.287435437620542871e+02
4.825000000000000000e+03 5.287435437620542871e+02
4.850000000000000000e+03 5.287435437620542871e+02
4.875000000000000000e+03 5.287435437620542871e+02
4.900000000000000000e+03 5.287435437620542871e+02
4.925000000000000000e+03 5.287435437620542871e+02
4.950000000000000000e+03 5.287435437620542871e+02
4.975000000000000000e+03 5.287435437620542871e+02
5.000000000000000000e+03 5.287435437620542871e+02
5.025000000000000000e+03 5.287435437620542871e+02
5.050000000000000000e+03 5.287435437620542871e+02
5.075000000000000000e+03 5.287435437620542871e+02
5.100000000000000000e+03 5.287435437620542871e+02
5.125000000000000000e+03 5.287435437620542871e+02
5.150000000000000000e+03 5.287435437620542871e+02
5.175000000000000000e+03 5.287435437620542871e+02
5.200000000000000000e+03 5.287435437620542871e+02
5.225000000000000000e+03 5.287435437620542871e+02
5.250000000000000000e+03 5.287435437620542871e+02
5.275000000000000000e+03 5.287435437620542871e+02
5.300000000000000000e+03 5.287435437620542871e+02
5.325000000000000000e+03 5.287435437620542871e+02
5.350000000000000000e+03 5.287435437620542871e+02
5.375000000000000000e+03 5.287435437620542871e+02
5.400000000000000000e+03 5.287435437620542871e+02
5.425000000000000000e+03 5.287435437620542871e+02
5.450000000000000000e+03 5.287435437620542871e+02
5.475000000000000000e+03 5.287435437620542871e+02
